    0/19   7328/7328     0.561     0.521     0.695     0.644      5.95      1.13       9.5         0         0       153         0         0         0     0.586      0.486      0.521      0.501
    1/19   7328/7328     0.539     0.507     0.584     0.548      5.92      1.07      9.17         0         0        87         0         0         0     0.547      0.498      0.526      0.513
    2/19   7328/7328     0.536     0.505     0.577      0.54      5.89      1.05       9.1         0         0        99         0         0         0     0.551      0.494      0.529      0.508
    3/19   7328/7328     0.533     0.501     0.571     0.532      5.85      1.03      9.02         0         0       128         0         0         0     0.587      0.494      0.519       0.51
    4/19   7328/7328     0.532     0.499     0.566     0.528      5.84         1      8.96         0         0       115         0         0         0     0.564      0.493      0.522      0.508
    5/19   7328/7328     0.529     0.497     0.562     0.525      5.79     0.986      8.88         0         0       104         0         0         0     0.565      0.492      0.525      0.506
    6/19   7328/7328     0.525     0.495     0.558      0.52      5.75      0.98      8.83         0         0        87         0         0         0     0.535      0.491      0.518      0.506
    7/19   7328/7328     0.525     0.492     0.552     0.516      5.73     0.962      8.78         0         0        86         0         0         0     0.551      0.493      0.526      0.507
    8/19   7328/7328     0.522     0.489      0.55     0.511      5.68     0.939      8.69         0         0        62         0         0         0     0.555      0.494      0.522      0.509
    9/19   7328/7328     0.521     0.487     0.546     0.509      5.66     0.933      8.66         0         0       122         0         0         0     0.546      0.499      0.528      0.513
   10/19   7328/7328     0.502     0.465     0.485     0.447      5.24     0.757       7.9         0         0       106         0         0         0     0.658      0.509       0.54      0.524
