    0/19   7328/7328     0.741     0.702      1.07      1.08       7.9       3.2      14.7         0         0       127         0         0         0     0.553      0.457      0.486      0.472
    1/19   7328/7328     0.627     0.597     0.755     0.729      6.63      1.79      11.1         0         0       110         0         0         0     0.576      0.465      0.494       0.48
    2/19   7328/7328     0.611     0.581     0.722     0.692       6.5      1.63      10.7         0         0        92         0         0         0     0.528      0.475      0.506       0.49
    3/19   7328/7328     0.602     0.572     0.699     0.669      6.44      1.55      10.5         0         0       161         0         0         0     0.556      0.474      0.506      0.487
    4/19   7328/7328     0.594     0.564     0.685     0.653      6.37      1.49      10.4         0         0       116         0         0         0     0.592      0.474      0.502      0.489
    5/19   7328/7328      0.59     0.558     0.672     0.641      6.32      1.44      10.2         0         0       127         0         0         0     0.547      0.483      0.514      0.498
    6/19   7328/7328     0.583     0.554     0.666     0.633      6.25       1.4      10.1         0         0       162         0         0         0      0.51      0.471      0.501      0.487
    7/19   7328/7328      0.58      0.55     0.655     0.622      6.22      1.36      9.99         0         0       130         0         0         0     0.569      0.481       0.51      0.495
    8/19   7328/7328     0.576     0.545     0.646     0.613      6.16      1.33      9.87         0         0       123         0         0         0     0.572      0.484      0.512      0.498
    9/19   7328/7328     0.572     0.542     0.642     0.606      6.12       1.3      9.79         0         0        99         0         0         0     0.572      0.485      0.513        0.5
   10/19   7328/7328     0.552     0.518     0.565     0.532      5.68      1.08      8.92         0         0       192         0         0         0     0.533      0.503      0.533      0.517
   11/19   7328/7328     0.543     0.509     0.551     0.517      5.52      1.01      8.64         0         0       120         0         0         0     0.591      0.504      0.533      0.518
   12/19   7328/7328     0.539     0.506     0.545     0.511      5.45      0.98      8.53         0         0       122         0         0         0     0.595      0.507      0.538      0.521
   13/19   7328/7328     0.537     0.502     0.539     0.505      5.39     0.963      8.44         0         0        69         0         0         0     0.616      0.505      0.535      0.519
   14/19   7328/7328     0.534     0.499     0.538     0.504      5.37      0.95      8.39         0         0       125         0         0         0     0.633      0.505      0.536      0.519
   15/19   7328/7328     0.532     0.497     0.534       0.5      5.32     0.935      8.32         0         0       115         0         0         0     0.656      0.506      0.538       0.52
   16/19   7328/7328     0.531     0.496     0.532     0.499       5.3     0.922      8.28         0         0       114         0         0         0     0.662      0.505      0.537       0.52
   17/19   7328/7328      0.53     0.493     0.529     0.495      5.26     0.913      8.22         0         0        74         0         0         0     0.639      0.504      0.535      0.518
   18/19   7328/7328     0.528     0.493     0.528     0.493      5.23     0.904      8.18         0         0       125         0         0         0     0.597      0.507      0.539      0.521
   19/19   7328/7328     0.526     0.489      0.52     0.487      5.19     0.885       8.1         0         0       109         0         0         0     0.568      0.507      0.538      0.522
