    0/19   7328/7328     0.528     0.487     0.645     0.599      5.51     0.845      8.62         0         0        99         0         0         0     0.623      0.496      0.527       0.51
    1/19   7328/7328     0.518     0.486     0.551     0.509      5.66     0.903      8.63         0         0       116         0         0         0     0.594      0.497      0.527      0.511
    2/19   7328/7328     0.517     0.484     0.544     0.504      5.66     0.898      8.61         0         0        58         0         0         0     0.658      0.494      0.521       0.51
    3/19   7328/7328     0.515     0.483     0.542     0.501      5.64      0.89      8.57         0         0       156         0         0         0     0.716      0.492       0.52      0.507
    4/19   7328/7328     0.513      0.48     0.537     0.498       5.6     0.875      8.51         0         0       116         0         0         0     0.572      0.495      0.531       0.51
    5/19   7328/7328     0.511     0.477     0.534     0.493      5.58     0.859      8.45         0         0        60         0         0         0     0.658      0.493      0.521      0.508
    6/19   7328/7328      0.51     0.477     0.532     0.491      5.55     0.851      8.41         0         0       118         0         0         0     0.581      0.501       0.53      0.515
    7/19   7328/7328     0.509     0.474     0.528     0.489      5.51     0.841      8.35         0         0       147         0         0         0     0.732      0.501      0.535      0.515
    8/19   7328/7328     0.507     0.472     0.524     0.485      5.48     0.833       8.3         0         0        92         0         0         0     0.578      0.499       0.53      0.513
    9/19   7328/7328     0.505     0.471     0.522     0.482      5.45     0.818      8.25         0         0       110         0         0         0     0.585        0.5       0.53      0.515
   10/19   7328/7328     0.487     0.449     0.461     0.423      5.05     0.663      7.54         0         0        77         0         0         0     0.585      0.514      0.545      0.527
   11/19   7328/7328     0.479      0.44     0.449     0.412       4.9     0.611      7.29         0         0       106         0         0         0     0.563      0.515      0.547      0.529
   12/19   7328/7328     0.476     0.436     0.443     0.406      4.83     0.589      7.18         0         0       115         0         0         0     0.597       0.52      0.552      0.534
   13/19   7328/7328     0.472     0.432      0.44     0.402      4.77     0.575       7.1         0         0       156         0         0         0      0.62      0.521      0.552      0.535
   14/19   7328/7328      0.47      0.43     0.439       0.4      4.73     0.565      7.03         0         0       118         0         0         0     0.608      0.519      0.552      0.533
   15/19   7328/7328     0.468     0.428     0.436     0.399      4.69     0.554      6.98         0         0       135         0         0         0     0.613      0.519       0.55      0.533
   16/19   7328/7328     0.466     0.427     0.432     0.396      4.66     0.546      6.93         0         0       126         0         0         0      0.55      0.521      0.552      0.535
   17/19   7328/7328     0.465     0.424     0.432     0.393      4.63     0.539      6.89         0         0       133         0         0         0     0.618      0.519      0.552      0.533
   18/19   7328/7328     0.464     0.423      0.43     0.393      4.61     0.535      6.86         0         0       155         0         0         0     0.591      0.519      0.551      0.533
   19/19   7328/7328     0.462     0.421     0.424     0.388      4.56     0.519      6.78         0         0       112         0         0         0     0.591      0.518       0.55      0.533
