    0/19   7328/7328     0.892     0.832      1.42      1.42      9.98      5.43        20         0         0       117         0         0         0     0.549      0.406      0.434      0.419
    1/19   7328/7328      0.74     0.693     0.978     0.921      7.44      2.78      13.5         0         0       169         0         0         0     0.483      0.436      0.474      0.448
    2/19   7328/7328     0.702     0.665     0.912     0.855      7.21      2.45      12.8         0         0        59         0         0         0     0.515      0.439      0.466      0.454
    3/19   7328/7328     0.682     0.647     0.871     0.818      7.07      2.28      12.4         0         0        92         0         0         0     0.537       0.45      0.475      0.465
    4/19   7328/7328     0.668     0.636     0.846     0.796      6.99      2.16      12.1         0         0       121         0         0         0     0.532      0.453      0.479      0.468
    5/19   7328/7328     0.658     0.628     0.824     0.776       6.9      2.06      11.8         0         0       136         0         0         0     0.571      0.464      0.497      0.478
    6/19   7328/7328     0.649      0.62     0.805     0.759      6.81         2      11.6         0         0       125         0         0         0     0.514      0.461      0.487      0.476
    7/19   7328/7328     0.642     0.614     0.791     0.744      6.74      1.93      11.5         0         0       128         0         0         0      0.54      0.463      0.496      0.477
    8/19   7328/7328     0.638     0.609      0.78     0.734      6.69      1.86      11.3         0         0        72         0         0         0     0.592      0.466      0.485      0.481
    9/19   7328/7328     0.634     0.604     0.773     0.724      6.66      1.83      11.2         0         0       135         0         0         0     0.569      0.471        0.5      0.485
   10/19   7328/7328     0.609     0.578     0.671     0.627      6.18      1.55      10.2         0         0       124         0         0         0     0.539      0.483      0.514      0.497
   11/19   7328/7328     0.601     0.569     0.657     0.611      6.01      1.47      9.91         0         0        70         0         0         0     0.622      0.489      0.521      0.502
   12/19   7328/7328     0.598     0.566      0.65     0.605      5.96      1.44      9.82         0         0       127         0         0         0     0.628       0.49      0.523      0.503
   13/19   7328/7328     0.594     0.562     0.647     0.601      5.92      1.41      9.73         0         0       101         0         0         0     0.586       0.49      0.521      0.503
   14/19   7328/7328     0.592      0.56     0.643     0.598      5.87       1.4      9.66         0         0        74         0         0         0     0.566       0.49      0.524      0.504
   15/19   7328/7328     0.591     0.558      0.64     0.594      5.83      1.38      9.59         0         0       113         0         0         0     0.627      0.488      0.523      0.502
   16/19   7328/7328     0.588     0.557     0.636     0.592      5.79      1.37      9.54         0         0       126         0         0         0      0.56       0.49      0.521      0.504
   17/19   7328/7328     0.586     0.553     0.631     0.588      5.77      1.35      9.48         0         0       121         0         0         0     0.613      0.492      0.523      0.507
   18/19   7328/7328     0.585     0.552      0.63     0.587      5.74      1.34      9.43         0         0        90         0         0         0      0.62      0.493      0.527      0.506
   19/19   7328/7328     0.582     0.549     0.625     0.578      5.68      1.32      9.33         0         0        67         0         0         0     0.598       0.49      0.522      0.504
