    0/99   7328/7328     0.951     0.946      1.86      1.86        32      8.89      46.5         0         0       128         0         0         0     0.768      0.212      0.232      0.225
    0/99   7328/7328     0.952     0.945      1.86      1.87      32.3      8.83      46.7         0         0       105         0         0         0     0.725      0.213      0.242      0.223
    1/99   7328/7328      0.82     0.808      1.34       1.3      10.5      5.32      20.1         0         0       118         0         0         0     0.654      0.287      0.305      0.301
    1/99   7328/7328     0.819     0.808      1.32       1.3      10.6       5.3      20.1         0         0       109         0         0         0     0.674      0.294      0.339      0.302
    2/99   7328/7328     0.776     0.762      1.19      1.16      9.94      4.34      18.2         0         0        83         0         0         0     0.591      0.327      0.378      0.334
    2/99   7328/7328     0.775     0.762      1.19      1.15      9.94      4.34      18.2         0         0       110         0         0         0       0.7      0.329      0.377      0.337
    3/99   7328/7328     0.747     0.732       1.1      1.07      9.53      3.79        17         0         0        88         0         0         0     0.633      0.372      0.409      0.383
    3/99   7328/7328     0.746     0.733       1.1      1.06      9.56       3.8        17         0         0       149         0         0         0     0.699      0.353      0.388      0.365
    4/99   7328/7328     0.726      0.71      1.04     0.999      9.25      3.45      16.2         0         0        86         0         0         0      0.62      0.377      0.418      0.387
    4/99   7328/7328     0.724     0.711      1.04         1      9.25      3.45      16.2         0         0       152         0         0         0     0.619      0.383      0.427      0.394
    5/99   7328/7328     0.709     0.692     0.997     0.954      9.03      3.19      15.6         0         0       105         0         0         0     0.715      0.406      0.449      0.418
    5/99   7328/7328      0.71     0.692     0.995     0.953      9.03      3.17      15.5         0         0        96         0         0         0     0.668      0.396      0.429      0.408
    6/99   7328/7328     0.695     0.679     0.957     0.916      8.82      2.97        15         0         0        95         0         0         0     0.682      0.409      0.454      0.419
    6/99   7328/7328     0.694     0.677     0.958     0.923      8.82      2.95        15         0         0       124         0         0         0     0.573      0.421      0.465      0.431
    7/99   7328/7328     0.683     0.665     0.924     0.883      8.67      2.79      14.6         0         0       115         0         0         0     0.685      0.424      0.455      0.439
    7/99   7328/7328     0.681     0.665     0.924     0.883      8.65      2.78      14.6         0         0       131         0         0         0     0.664      0.425      0.466      0.437
    8/99   7328/7328     0.673     0.655     0.892      0.85       8.5      2.64      14.2         0         0        94         0         0         0     0.679      0.441      0.478      0.453
    8/99   7328/7328     0.671     0.654     0.897     0.853      8.51      2.63      14.2         0         0       118         0         0         0     0.625      0.421      0.464      0.434
    9/99   7328/7328     0.663     0.646     0.877     0.834      8.39      2.53      13.9         0         0        92         0         0         0     0.683      0.444      0.473      0.457
    9/99   7328/7328     0.662     0.645     0.873     0.826      8.36       2.5      13.9         0         0       127         0         0         0     0.622      0.442      0.475      0.455
   10/99   7328/7328     0.656     0.638     0.853     0.811      8.26      2.41      13.6         0         0       109         0         0         0     0.656      0.448      0.485       0.46
   10/99   7328/7328     0.655     0.637     0.853      0.81      8.26      2.39      13.6         0         0       125         0         0         0     0.651       0.45      0.484      0.463
   11/99   7328/7328     0.648      0.63     0.834     0.792      8.14      2.32      13.4         0         0        82         0         0         0     0.643      0.457      0.496       0.47
   11/99   7328/7328     0.647     0.628     0.833     0.787      8.12      2.28      13.3         0         0        94         0         0         0     0.629      0.454      0.496      0.465
   12/99   7328/7328      0.64     0.622     0.816      0.77      8.03      2.22      13.1         0         0        80         0         0         0     0.681      0.455      0.482      0.469
   12/99   7328/7328     0.639      0.62     0.818     0.771      8.02      2.19      13.1         0         0       106         0         0         0     0.606      0.454      0.488      0.467
   13/99   7328/7328     0.635     0.615     0.802     0.755      7.94      2.13      12.9         0         0       142         0         0         0     0.656      0.465      0.503      0.478
   13/99   7328/7328     0.634     0.614     0.799     0.756      7.93      2.11      12.8         0         0       118         0         0         0     0.606      0.459      0.492      0.472
   14/99   7328/7328     0.629     0.609     0.785     0.741      7.83      2.06      12.7         0         0       124         0         0         0     0.699       0.47      0.505      0.482
   14/99   7328/7328     0.627     0.607     0.782     0.738      7.83      2.03      12.6         0         0       118         0         0         0     0.668      0.472       0.51      0.484
   15/99   7328/7328     0.624     0.605     0.772     0.729      7.78         2      12.5         0         0       120         0         0         0     0.683      0.468      0.501       0.48
   15/99   7328/7328     0.621     0.601     0.771     0.725      7.74      1.97      12.4         0         0       110         0         0         0     0.618      0.471      0.506      0.483
   16/99   7328/7328     0.618     0.599     0.762     0.715      7.68      1.93      12.3         0         0       126         0         0         0     0.662      0.466      0.501      0.479
   16/99   7328/7328     0.617     0.596     0.758     0.714      7.65       1.9      12.2         0         0       132         0         0         0     0.662      0.474      0.509      0.487
   17/99   7328/7328     0.615     0.592     0.749     0.704      7.59      1.88      12.1         0         0        90         0         0         0     0.659       0.47        0.5      0.484
   17/99   7328/7328     0.612      0.59     0.744     0.701      7.56      1.84        12         0         0        66         0         0         0     0.627      0.468      0.506      0.482
   18/99   7328/7328      0.61     0.589     0.736     0.696      7.53      1.82        12         0         0       137         0         0         0     0.644      0.476      0.517      0.487
   18/99   7328/7328     0.608     0.586     0.735     0.691      7.48      1.79      11.9         0         0        83         0         0         0     0.703      0.474      0.507      0.487
   19/99   7328/7328     0.605     0.583     0.724     0.682      7.45      1.77      11.8         0         0       113         0         0         0     0.764      0.475      0.506      0.489
   19/99   7328/7328     0.603     0.581     0.722     0.678       7.4      1.73      11.7         0         0       160         0         0         0     0.673      0.475      0.511      0.487
   20/99   7328/7328     0.597     0.576      0.71     0.668      7.34      1.68      11.6         0         0       131         0         0         0     0.642      0.484      0.526      0.496
   20/99   7328/7328     0.601     0.579     0.717     0.672      7.38      1.72      11.7         0         0       145         0         0         0     0.784      0.483      0.516      0.497
   21/99   7328/7328     0.594     0.571     0.704     0.661      7.27      1.64      11.4         0         0       123         0         0         0     0.676      0.483      0.514      0.497
   21/99   7328/7328     0.598     0.575     0.708     0.666      7.31      1.68      11.5         0         0       118         0         0         0     0.667       0.48       0.51      0.494
   22/99   7328/7328     0.591     0.567     0.696     0.651      7.18      1.59      11.3         0         0        91         0         0         0     0.908       0.49       0.52      0.503
   22/99   7328/7328     0.594      0.57     0.697     0.655      7.25      1.64      11.4         0         0        94         0         0         0      1.06      0.483      0.518      0.495
   23/99   7328/7328     0.587     0.563     0.687     0.642      7.13      1.55      11.2         0         0       100         0         0         0      1.05      0.484      0.512      0.499
   23/99   7328/7328     0.591     0.568      0.69     0.651      7.17      1.59      11.3         0         0        90         0         0         0      1.19      0.485      0.516        0.5
   24/99   7328/7328     0.584      0.56     0.677     0.636      7.06      1.52        11         0         0       121         0         0         0      1.01      0.489      0.525      0.502
   24/99   7328/7328     0.586     0.564     0.682     0.639      7.13      1.56      11.2         0         0       104         0         0         0      1.49      0.486      0.522        0.5
   25/99   7328/7328     0.582     0.556     0.668     0.625      6.99      1.48      10.9         0         0        94         0         0         0      1.24      0.481       0.51      0.495
   25/99   7328/7328     0.584     0.561     0.676     0.632      7.07      1.52        11         0         0        94         0         0         0     0.988      0.488      0.525      0.501
   26/99   7328/7328     0.577     0.553     0.663     0.621      6.94      1.44      10.8         0         0       182         0         0         0     0.741       0.49      0.521      0.504
   26/99   7328/7328      0.58     0.556     0.666     0.625      6.98      1.48      10.9         0         0       107         0         0         0      1.52      0.493      0.529      0.506
   27/99   7328/7328     0.574     0.548     0.656     0.613      6.86      1.41      10.7         0         0        86         0         0         0      1.06      0.497      0.529      0.512
   27/99   7328/7328     0.577     0.553      0.66     0.617      6.95      1.46      10.8         0         0       145         0         0         0       1.3      0.488       0.52      0.502
   28/99   7328/7328     0.571     0.547     0.651     0.609      6.82      1.38      10.6         0         0       122         0         0         0     0.626      0.489      0.521      0.505
   28/99   7328/7328     0.575     0.549     0.653     0.612      6.89      1.42      10.7         0         0       113         0         0         0     0.663      0.489      0.517      0.503
   29/99   7328/7328     0.569     0.543     0.643     0.601      6.77      1.35      10.5         0         0        94         0         0         0     0.686      0.491      0.525      0.506
   29/99   7328/7328     0.571     0.547     0.646     0.604      6.81       1.4      10.6         0         0        85         0         0         0     0.689      0.489      0.521      0.502
   30/99   7328/7328     0.564     0.538     0.634     0.591       6.7      1.32      10.4         0         0       111         0         0         0     0.631      0.493       0.53      0.506
   30/99   7328/7328      0.57     0.544     0.645     0.598      6.79      1.37      10.5         0         0        81         0         0         0      0.68        0.5      0.528      0.513
   31/99   7328/7328     0.562     0.537     0.631      0.59      6.65       1.3      10.3         0         0        82         0         0         0     0.607      0.494      0.526      0.508
   31/99   7328/7328     0.567     0.541     0.637     0.596      6.74      1.34      10.4         0         0       109         0         0         0     0.679      0.489      0.519      0.504
   32/99   7328/7328      0.56     0.533     0.624     0.581      6.59      1.27      10.2         0         0       146         0         0         0     0.639      0.492      0.515      0.507
   32/99   7328/7328     0.563     0.538     0.627     0.587      6.69      1.31      10.3         0         0       109         0         0         0     0.678      0.491      0.521      0.506
   33/99   7328/7328     0.558     0.531     0.618     0.576      6.55      1.25      10.1         0         0        85         0         0         0     0.608      0.491      0.517      0.506
   33/99   7328/7328     0.561     0.536     0.622     0.585      6.65      1.29      10.2         0         0        93         0         0         0     0.758      0.488       0.52      0.503
   34/99   7328/7328     0.555     0.527     0.612      0.57       6.5      1.22      9.99         0         0        86         0         0         0     0.617      0.498      0.527      0.512
   34/99   7328/7328     0.559     0.533      0.62     0.577      6.59      1.26      10.1         0         0        89         0         0         0     0.689      0.495      0.527      0.508
   35/99   7328/7328     0.552     0.525     0.607     0.564      6.44      1.19      9.88         0         0       112         0         0         0     0.676      0.491      0.523      0.505
   35/99   7328/7328     0.556      0.53     0.613     0.574      6.53      1.24        10         0         0       132         0         0         0     0.685      0.493      0.527      0.506
   36/99   7328/7328     0.549     0.521     0.601      0.56       6.4      1.18      9.81         0         0       125         0         0         0     0.625        0.5      0.529      0.514
   36/99   7328/7328     0.555     0.527      0.61     0.568      6.48      1.22      9.96         0         0       134         0         0         0     0.687      0.495      0.528      0.509
   37/99   7328/7328     0.551     0.524     0.602     0.563      6.45       1.2      9.89         0         0       134         0         0         0     0.741      0.502      0.532      0.517
   37/99   7328/7328     0.548      0.52     0.597     0.555      6.34      1.15      9.72         0         0       161         0         0         0     0.711      0.498      0.529      0.511
   38/99   7328/7328     0.545     0.517     0.591     0.551      6.31      1.13      9.64         0         0       128         0         0         0     0.652      0.497      0.534       0.51
   38/99   7328/7328     0.549     0.522     0.598     0.561      6.41      1.18      9.82         0         0        99         0         0         0      0.71      0.501      0.531      0.516
   39/99   7328/7328     0.547     0.519     0.595     0.554      6.37      1.16      9.75         0         0       148         0         0         0     0.663      0.498      0.534      0.511
   39/99   7328/7328     0.542     0.514     0.588     0.545      6.26      1.11      9.56         0         0        88         0         0         0     0.585      0.498      0.528      0.513
   40/99   7328/7328     0.546     0.518     0.592      0.55      6.34      1.14      9.68         0         0       136         0         0         0     0.642      0.495      0.524      0.509
   40/99   7328/7328      0.54     0.512     0.584     0.541      6.21      1.09      9.48         0         0       144         0         0         0     0.654      0.498      0.531      0.511
   41/99   7328/7328     0.543     0.517     0.583     0.547      6.27      1.12      9.59         0         0       149         0         0         0     0.689      0.494      0.522      0.508
   41/99   7328/7328     0.537     0.508     0.578     0.536      6.16      1.07      9.39         0         0       115         0         0         0     0.621      0.496       0.53       0.51
   42/99   7328/7328     0.542     0.512     0.582      0.54      6.23       1.1      9.51         0         0       102         0         0         0     0.679      0.498      0.531      0.511
   42/99   7328/7328     0.535     0.506     0.572     0.533      6.12      1.06      9.32         0         0       118         0         0         0     0.652      0.495      0.525      0.511
   43/99   7328/7328     0.539      0.51     0.576     0.539      6.17      1.09      9.43         0         0       105         0         0         0     0.667      0.496      0.525      0.511
   43/99   7328/7328     0.533     0.503     0.569     0.528      6.07      1.04      9.24         0         0       105         0         0         0     0.654      0.496      0.529       0.51
   44/99   7328/7328     0.537     0.508     0.572     0.533      6.15      1.07      9.37         0         0       109         0         0         0      0.68      0.494      0.521      0.509
   44/99   7328/7328     0.532       0.5     0.565     0.525      6.03      1.02      9.17         0         0       157         0         0         0     0.696      0.497      0.527       0.51
   45/99   7328/7328     0.535     0.505     0.569     0.531       6.1      1.06      9.29         0         0       121         0         0         0     0.692        0.5      0.535      0.514
   45/99   7328/7328     0.528       0.5      0.56     0.521      5.99         1      9.11         0         0       171         0         0         0     0.675      0.498      0.534      0.511
   46/99   7328/7328     0.533     0.502     0.566     0.526      6.07      1.05      9.24         0         0        74         0         0         0     0.683      0.499      0.528      0.514
   46/99   7328/7328     0.527     0.497     0.556     0.518      5.94     0.985      9.02         0         0       103         0         0         0      0.66      0.501      0.534      0.514
   47/99   7328/7328      0.53     0.501      0.56     0.523      6.05      1.03       9.2         0         0        83         0         0         0     0.661      0.497      0.525      0.512
   47/99   7328/7328     0.523     0.493     0.551     0.513      5.91     0.969      8.96         0         0        93         0         0         0     0.635      0.498      0.529      0.512
   48/99   7328/7328     0.529     0.499     0.559     0.518      5.99      1.01      9.11         0         0       149         0         0         0     0.795      0.504      0.539      0.518
   48/99   7328/7328     0.522     0.492     0.549     0.511      5.86     0.957      8.89         0         0       147         0         0         0      1.01      0.501      0.531      0.516
   49/99   7328/7328     0.528     0.499     0.555     0.517      5.97         1      9.07         0         0        86         0         0         0       1.3      0.496      0.523       0.51
   49/99   7328/7328     0.522      0.49     0.546     0.507      5.84     0.939      8.84         0         0       152         0         0         0      2.38      0.491      0.522      0.505
   50/99   7328/7328     0.526     0.495     0.552     0.514      5.93     0.988         9         0         0       116         0         0         0      3.05      0.502      0.528      0.518
   50/99   7328/7328      0.52     0.489     0.542     0.504      5.82     0.926       8.8         0         0        54         0         0         0      2.07        0.5      0.533      0.515
   51/99   7328/7328     0.506     0.471     0.489     0.451       5.5     0.804      8.22         0         0        74         0         0         0      1.16      0.516      0.546       0.53
   51/99   7328/7328     0.501     0.465     0.479     0.442      5.37     0.757      8.02         0         0       167         0         0         0      1.03      0.517       0.55      0.531
   52/99   7328/7328       0.5     0.463     0.477     0.439      5.34     0.748      7.97         0         0        63         0         0         0      1.03      0.515      0.547      0.529
   52/99   7328/7328     0.492     0.456     0.466     0.429       5.2     0.703      7.75         0         0       105         0         0         0     0.962      0.516      0.547      0.531
   53/99   7328/7328     0.495     0.461     0.471     0.435      5.26     0.725      7.84         0         0        95         0         0         0      1.46      0.515      0.546      0.529
   53/99   7328/7328     0.489     0.453     0.463     0.425      5.14     0.679      7.65         0         0       108         0         0         0     0.863      0.518      0.551      0.533
   54/99   7328/7328     0.493     0.457      0.47      0.43      5.22     0.709      7.78         0         0        97         0         0         0      1.34      0.516      0.547      0.531
   54/99   7328/7328     0.487      0.45     0.458     0.421      5.08     0.662      7.56         0         0       121         0         0         0     0.717       0.52      0.554      0.534
   55/99   7328/7328     0.491     0.455     0.465     0.427      5.18     0.696      7.71         0         0        99         0         0         0      0.68      0.516      0.549       0.53
   55/99   7328/7328     0.484     0.447     0.454     0.417      5.05     0.648       7.5         0         0        93         0         0         0     0.701       0.52      0.554      0.535
   56/99   7328/7328      0.49     0.453     0.462     0.426      5.14     0.684      7.65         0         0        68         0         0         0     0.646      0.516      0.548      0.531
   56/99   7328/7328     0.483     0.446     0.453     0.416      5.01      0.64      7.45         0         0        86         0         0         0     0.633      0.519      0.553      0.534
   57/99   7328/7328     0.486     0.451      0.46     0.423      5.11     0.677       7.6         0         0        99         0         0         0     0.724      0.518       0.55      0.532
   57/99   7328/7328      0.48     0.443     0.449     0.412      4.97     0.628      7.38         0         0        99         0         0         0     0.635      0.518      0.551      0.533
   58/99   7328/7328     0.486      0.45     0.458     0.421      5.07     0.666      7.55         0         0       150         0         0         0     0.658      0.517      0.549      0.532
   58/99   7328/7328     0.478     0.442     0.449     0.412      4.94      0.62      7.34         0         0       132         0         0         0     0.635      0.519       0.55      0.534
   59/99   7328/7328     0.483     0.447     0.457     0.419      5.06     0.659      7.53         0         0       174         0         0         0     0.659       0.52      0.554      0.534
   59/99   7328/7328     0.478     0.439     0.445     0.408      4.92     0.609       7.3         0         0        70         0         0         0     0.607      0.521      0.553      0.536
   60/99   7328/7328     0.485     0.447     0.455     0.419      5.04     0.653      7.49         0         0        70         0         0         0     0.642      0.516      0.545      0.531
   60/99   7328/7328     0.477     0.439     0.446     0.409       4.9     0.606      7.28         0         0       139         0         0         0     0.614      0.518      0.551      0.533
   61/99   7328/7328     0.483     0.445     0.453     0.418      5.01     0.648      7.46         0         0       133         0         0         0     0.643      0.518      0.552      0.532
   61/99   7328/7328     0.475     0.437     0.445     0.407      4.87     0.603      7.23         0         0        83         0         0         0     0.621       0.52      0.553      0.535
   62/99   7328/7328     0.481     0.445     0.452     0.415      4.98     0.641      7.42         0         0       141         0         0         0     0.723      0.518       0.55      0.532
   62/99   7328/7328     0.473     0.435     0.442     0.405      4.84     0.597      7.19         0         0       131         0         0         0     0.627      0.518      0.548      0.534
   63/99   7328/7328      0.48     0.443     0.452     0.414      4.95     0.636      7.38         0         0        66         0         0         0     0.659      0.521      0.552      0.536
   63/99   7328/7328     0.474     0.435     0.442     0.405      4.83      0.59      7.17         0         0        84         0         0         0     0.619      0.521      0.555      0.535
   64/99   7328/7328      0.48     0.443     0.449     0.415      4.93     0.633      7.35         0         0       189         0         0         0     0.624      0.518      0.548      0.533
   64/99   7328/7328     0.472     0.434     0.439     0.402      4.81     0.586      7.15         0         0        89         0         0         0      0.63      0.516      0.545      0.531
   65/99   7328/7328     0.479      0.44     0.448     0.412      4.92     0.627      7.33         0         0       108         0         0         0     0.633      0.518      0.548      0.532
   65/99   7328/7328      0.47     0.432     0.437     0.399      4.79      0.58      7.11         0         0        88         0         0         0     0.615      0.517      0.548      0.531
   66/99   7328/7328     0.478      0.44     0.445     0.411      4.92     0.618      7.31         0         0        56         0         0         0     0.678      0.515      0.547      0.529
   66/99   7328/7328      0.47     0.431     0.437     0.401      4.78     0.576      7.09         0         0        84         0         0         0     0.674       0.52      0.552      0.535
   67/99   7328/7328     0.477      0.44     0.446     0.411      4.89     0.617      7.29         0         0       113         0         0         0      0.74      0.516      0.549      0.531
   67/99   7328/7328     0.469     0.431     0.437     0.401      4.77     0.572      7.08         0         0       111         0         0         0     0.713      0.523      0.556      0.536
   68/99   7328/7328     0.476     0.438     0.445     0.409      4.87     0.612      7.25         0         0       110         0         0         0     0.695      0.518      0.552      0.533
   68/99   7328/7328     0.468      0.43     0.435     0.398      4.74     0.566      7.04         0         0       111         0         0         0       0.7      0.518      0.548      0.533
   69/99   7328/7328     0.475     0.436     0.444     0.408      4.86     0.607      7.23         0         0        74         0         0         0     0.745      0.515       0.55       0.53
   69/99   7328/7328     0.468     0.429     0.434     0.399      4.72     0.566      7.02         0         0       182         0         0         0     0.756      0.519      0.553      0.534
   70/99   7328/7328     0.474     0.437     0.443     0.406      4.84     0.603       7.2         0         0        88         0         0         0     0.749      0.516      0.548       0.53
   70/99   7328/7328     0.467     0.428     0.433     0.397      4.72     0.558         7         0         0        74         0         0         0     0.736      0.519      0.553      0.533
   71/99   7328/7328     0.473     0.434     0.441     0.406      4.82       0.6      7.17         0         0       103         0         0         0     0.749      0.516      0.551       0.53
   71/99   7328/7328     0.465     0.426     0.433     0.396      4.69     0.557      6.97         0         0        93         0         0         0     0.642      0.519      0.551      0.534
   72/99   7328/7328     0.473     0.434      0.44     0.403      4.81     0.594      7.15         0         0        88         0         0         0     0.632      0.518      0.549      0.533
   72/99   7328/7328     0.466     0.425     0.432     0.395      4.67      0.55      6.94         0         0       138         0         0         0     0.668      0.518      0.549      0.532
   73/99   7328/7328     0.472     0.433      0.44     0.404      4.79     0.593      7.13         0         0       115         0         0         0     0.647      0.517      0.551      0.532
   73/99   7328/7328     0.465     0.425     0.432     0.393      4.66     0.549      6.92         0         0       145         0         0         0     0.642      0.517      0.548      0.532
   74/99   7328/7328     0.471     0.433     0.438     0.402      4.79      0.59      7.12         0         0        91         0         0         0     0.675      0.515      0.548       0.53
   74/99   7328/7328     0.463     0.425      0.43     0.393      4.65     0.546      6.91         0         0        74         0         0         0      0.67      0.517      0.547      0.531
   75/99   7328/7328      0.47     0.433     0.437     0.404      4.77     0.586       7.1         0         0       104         0         0         0     0.695      0.515      0.547       0.53
   75/99   7328/7328     0.463     0.423     0.427     0.392      4.62     0.543      6.87         0         0       141         0         0         0     0.633      0.519      0.554      0.533
   76/99   7328/7328     0.469     0.431     0.437     0.402      4.76     0.582      7.08         0         0       105         0         0         0     0.656      0.517      0.548      0.532
   76/99   7328/7328     0.462     0.422     0.428      0.39      4.62     0.537      6.86         0         0        94         0         0         0     0.638      0.519      0.551      0.533
   77/99   7328/7328     0.468     0.431     0.435       0.4      4.73     0.577      7.04         0         0       106         0         0         0     0.663      0.514      0.546      0.529
   77/99   7328/7328     0.461     0.421     0.427     0.389       4.6     0.536      6.83         0         0        97         0         0         0     0.687      0.517      0.551      0.531
   78/99   7328/7328     0.469      0.43     0.437       0.4      4.74     0.575      7.05         0         0        98         0         0         0     0.693      0.516       0.55       0.53
   78/99   7328/7328      0.46      0.42     0.425     0.389       4.6     0.532      6.82         0         0       143         0         0         0     0.656      0.519      0.552      0.533
   79/99   7328/7328     0.467     0.429     0.435     0.399       4.7     0.571      7.01         0         0       126         0         0         0     0.654      0.514      0.548      0.529
   79/99   7328/7328      0.46      0.42     0.424     0.388      4.59     0.529      6.81         0         0       112         0         0         0     0.629      0.516      0.547      0.531
   80/99   7328/7328     0.466     0.428     0.433     0.397       4.7     0.571         7         0         0       129         0         0         0     0.981      0.515      0.548       0.53
   80/99   7328/7328     0.459     0.419     0.423     0.387      4.57     0.527      6.78         0         0        74         0         0         0      0.65      0.517      0.551      0.531
   81/99   7328/7328     0.457     0.418     0.421     0.383      4.53     0.516      6.72         0         0        89         0         0         0      0.64      0.517      0.548      0.532
   82/99   7328/7328     0.456     0.416     0.418     0.382      4.53     0.509      6.71         0         0       180         0         0         0     0.662      0.517      0.549      0.531
   83/99   7328/7328     0.456     0.416     0.417     0.382       4.5      0.51      6.68         0         0       107         0         0         0     0.631      0.518      0.551      0.533
   84/99   7328/7328     0.456     0.416     0.417     0.381      4.49     0.506      6.66         0         0       123         0         0         0     0.606      0.519      0.551      0.533
