    0/19   7328/7328     0.817      0.78      1.23      1.22      9.35      3.98      17.4         0         0       148         0         0         0     0.627      0.439      0.481      0.451
    1/19   7328/7328     0.674     0.649     0.859      0.82      7.57      2.27      12.8         0         0       146         0         0         0     0.613      0.451      0.481      0.465
    2/19   7328/7328      0.65     0.626     0.807     0.768      7.33      2.03      12.2         0         0        82         0         0         0     0.615       0.46      0.498      0.472
    3/19   7328/7328     0.637     0.611     0.779     0.741      7.17       1.9      11.8         0         0       130         0         0         0     0.626      0.458      0.488      0.472
    4/19   7328/7328     0.626     0.603     0.756     0.717      7.06       1.8      11.6         0         0       114         0         0         0     0.617      0.467        0.5       0.48
    5/19   7328/7328     0.618     0.593     0.739     0.702      6.98      1.73      11.4         0         0       164         0         0         0     0.644       0.47      0.505      0.483
    6/19   7328/7328     0.613     0.587     0.723     0.687      6.89      1.67      11.2         0         0        75         0         0         0     0.657      0.475      0.515      0.487
    7/19   7328/7328     0.608     0.583     0.711     0.677      6.81      1.62        11         0         0       127         0         0         0     0.681      0.463      0.495      0.477
    8/19   7328/7328     0.602     0.577     0.702     0.668      6.76      1.58      10.9         0         0       150         0         0         0     0.532      0.476      0.504       0.49
    9/19   7328/7328     0.598     0.573     0.694     0.659      6.71      1.53      10.8         0         0        69         0         0         0     0.567      0.471        0.5      0.484
   10/19   7328/7328     0.577      0.55     0.612     0.574      6.25      1.28      9.84         0         0       138         0         0         0     0.539      0.497      0.528      0.511
   11/19   7328/7328     0.568     0.543     0.595      0.56       6.1      1.21      9.57         0         0       133         0         0         0     0.563      0.499      0.531      0.512
   12/19   7328/7328     0.565     0.537     0.589     0.555      6.01      1.18      9.44         0         0        94         0         0         0      0.55      0.499       0.53      0.513
   13/19   7328/7328     0.563     0.534     0.585      0.55      5.97      1.15      9.35         0         0       102         0         0         0     0.569      0.501      0.533      0.515
   14/19   7328/7328      0.56     0.531     0.582     0.545      5.92      1.14      9.28         0         0        96         0         0         0      0.56      0.497      0.528      0.512
   15/19   7328/7328     0.558     0.528     0.578     0.542      5.89      1.12      9.21         0         0       134         0         0         0     0.539      0.501      0.532      0.516
   16/19   7328/7328     0.557     0.527     0.575     0.539      5.85      1.11      9.15         0         0        98         0         0         0     0.587      0.501      0.535      0.515
   17/19   7328/7328     0.556     0.526     0.574     0.538      5.83       1.1      9.12         0         0        87         0         0         0     0.558      0.499       0.53      0.513
   18/19   7328/7328     0.554     0.524      0.57     0.535       5.8      1.09      9.08         0         0        93         0         0         0     0.572      0.501      0.534      0.515
   19/19   7328/7328     0.552     0.523     0.562     0.529      5.75      1.07      8.99         0         0       101         0         0         0     0.508        0.5      0.532      0.514
