    0/99   7328/7328      0.95     0.947      1.87      1.87      32.4      8.89      46.9         0         0        78         0         0         0     0.588      0.222      0.255       0.23
    1/99   7328/7328     0.818     0.809      1.32       1.3      10.6      5.33      20.1         0         0       121         0         0         0     0.679      0.295      0.327      0.305
    0/99   7328/7328     0.952     0.947      1.87      1.87      32.3      8.86      46.8         0         0       112         0         0         0     0.626      0.191      0.218      0.199
    1/99   7328/7328      0.82     0.808      1.32       1.3      10.5       5.3      20.1         0         0       124         0         0         0     0.701      0.291      0.328      0.301
    2/99   7328/7328     0.776     0.763      1.19      1.16      9.95      4.34      18.2         0         0       103         0         0         0     0.684      0.317      0.356      0.328
    3/99   7328/7328     0.748     0.732       1.1      1.06      9.54       3.8        17         0         0       137         0         0         0     0.674      0.366      0.408      0.376
    4/99   7328/7328     0.725      0.71      1.04         1      9.25      3.44      16.2         0         0        82         0         0         0     0.718      0.381       0.42      0.393
    5/99   7328/7328     0.708     0.692     0.999     0.954      9.02      3.17      15.5         0         0        97         0         0         0     0.663      0.401      0.436      0.413
    6/99   7328/7328     0.696     0.677     0.958     0.918      8.84      2.96        15         0         0        99         0         0         0     0.667      0.418      0.444      0.433
    7/99   7328/7328     0.682     0.664     0.925      0.88      8.65      2.77      14.6         0         0       142         0         0         0     0.634      0.424      0.467      0.435
    8/99   7328/7328     0.672     0.654     0.898     0.855      8.51      2.63      14.2         0         0       121         0         0         0      0.65       0.44      0.483      0.451
    9/99   7328/7328     0.663     0.644      0.87      0.83      8.37      2.49      13.9         0         0        89         0         0         0     0.614      0.434      0.463      0.449
   10/99   7328/7328     0.654     0.636     0.852     0.805      8.24      2.38      13.6         0         0        84         0         0         0     0.674      0.443      0.477      0.458
   11/99   7328/7328     0.646     0.628     0.833     0.786      8.12      2.28      13.3         0         0        86         0         0         0     0.636      0.453      0.492      0.465
   12/99   7328/7328     0.639     0.621     0.814     0.771      8.02      2.19      13.1         0         0       108         0         0         0     0.676      0.458      0.496      0.471
   13/99   7328/7328     0.635     0.613     0.799     0.753      7.91      2.11      12.8         0         0        89         0         0         0     0.656      0.463      0.498      0.477
   14/99   7328/7328     0.627     0.607     0.785     0.737      7.81      2.03      12.6         0         0       167         0         0         0     0.654      0.467      0.502      0.482
   15/99   7328/7328     0.622     0.601     0.771     0.726      7.73      1.96      12.4         0         0        71         0         0         0     0.619      0.469      0.506      0.482
   16/99   7328/7328     0.617     0.596     0.759     0.713      7.65      1.91      12.2         0         0       117         0         0         0     0.645      0.469      0.498      0.483
   17/99   7328/7328     0.613     0.591     0.744     0.701      7.56      1.83        12         0         0       149         0         0         0     0.653      0.474      0.508      0.488
   18/99   7328/7328     0.608     0.587     0.734     0.689      7.48      1.78      11.9         0         0       112         0         0         0      0.66       0.47      0.496      0.485
   19/99   7328/7328     0.603     0.582     0.723     0.682      7.42      1.73      11.7         0         0       105         0         0         0      0.78      0.479      0.517      0.493
   20/99   7328/7328     0.599     0.577     0.715      0.67      7.34      1.68      11.6         0         0       109         0         0         0     0.665      0.479      0.521      0.492
   21/99   7328/7328     0.596     0.572     0.704     0.662      7.26      1.63      11.4         0         0       137         0         0         0     0.734      0.481      0.518      0.494
   22/99   7328/7328     0.592     0.568     0.698     0.651       7.2       1.6      11.3         0         0       104         0         0         0     0.704      0.489       0.52      0.504
   23/99   7328/7328     0.586     0.565     0.687     0.644      7.11      1.56      11.2         0         0       110         0         0         0     0.728      0.487      0.527        0.5
   24/99   7328/7328     0.584     0.561      0.68     0.636      7.06      1.51        11         0         0       114         0         0         0     0.721      0.484      0.511      0.498
   25/99   7328/7328      0.58     0.557     0.671      0.63         7      1.48      10.9         0         0       167         0         0         0     0.651      0.483      0.516      0.497
   26/99   7328/7328     0.577     0.552     0.662      0.62      6.95      1.44      10.8         0         0       134         0         0         0     0.642      0.492      0.528      0.506
   27/99   7328/7328     0.573     0.549     0.653     0.613      6.89      1.41      10.7         0         0        97         0         0         0     0.717      0.487      0.522      0.501
   28/99   7328/7328     0.571     0.548      0.65     0.609      6.81      1.38      10.6         0         0       139         0         0         0     0.696      0.494      0.527      0.508
   29/99   7328/7328     0.569     0.544     0.642       0.6      6.76      1.35      10.5         0         0       134         0         0         0     0.656      0.493       0.52      0.508
   30/99   7328/7328     0.564     0.541     0.637     0.596       6.7      1.33      10.4         0         0        97         0         0         0     0.644       0.49      0.521      0.504
   31/99   7328/7328     0.561     0.536     0.629     0.586      6.66      1.29      10.3         0         0        99         0         0         0      0.61      0.492       0.52      0.506
   32/99   7328/7328     0.561     0.533     0.622      0.58       6.6      1.27      10.2         0         0       132         0         0         0     0.719      0.492      0.529      0.505
   33/99   7328/7328     0.558      0.53     0.616     0.575      6.55      1.25      10.1         0         0        86         0         0         0     0.629      0.495      0.528      0.509
   34/99   7328/7328     0.556     0.528     0.614     0.571      6.49      1.22      9.99         0         0       118         0         0         0     0.648      0.499      0.531      0.513
   35/99   7328/7328     0.551     0.524     0.608     0.564      6.46       1.2      9.91         0         0       164         0         0         0     0.685      0.496      0.529      0.509
   36/99   7328/7328      0.55     0.522     0.601     0.559      6.39      1.18       9.8         0         0        77         0         0         0      0.71      0.496      0.531      0.511
   37/99   7328/7328     0.547      0.52     0.596     0.554      6.35      1.15      9.72         0         0       147         0         0         0     0.679      0.494      0.525      0.509
   38/99   7328/7328     0.545     0.516     0.592     0.552      6.32      1.13      9.66         0         0        92         0         0         0     0.619      0.492      0.522      0.507
   39/99   7328/7328     0.543     0.514     0.587     0.546      6.25      1.11      9.55         0         0       115         0         0         0     0.644      0.497      0.531      0.511
   40/99   7328/7328     0.541     0.513     0.584     0.545      6.21       1.1      9.49         0         0        92         0         0         0      0.65      0.496      0.529      0.511
   41/99   7328/7328      0.52     0.487     0.512     0.472      5.76     0.898      8.65         0         0        90         0         0         0     0.657      0.514      0.546      0.528
   42/99   7328/7328     0.514     0.479       0.5      0.46       5.6     0.832      8.39         0         0        80         0         0         0     0.666      0.514      0.545      0.528
   43/99   7328/7328     0.508     0.475     0.493     0.453      5.53     0.808      8.26         0         0       120         0         0         0     0.715      0.512      0.546      0.526
   44/99   7328/7328     0.506     0.472     0.491      0.45      5.47      0.79      8.17         0         0       121         0         0         0     0.695      0.515      0.546       0.53
   45/99   7328/7328     0.504     0.469     0.486     0.447      5.43     0.775      8.11         0         0       138         0         0         0     0.726      0.514      0.546      0.528
   46/99   7328/7328     0.502     0.469     0.483     0.446      5.38     0.764      8.05         0         0       163         0         0         0     0.642      0.515       0.55      0.529
   47/99   7328/7328     0.501     0.466     0.482     0.443      5.34     0.753      7.98         0         0        83         0         0         0     0.727      0.516       0.55       0.53
   48/99   7328/7328     0.499     0.465      0.48      0.44      5.32     0.744      7.95         0         0       196         0         0         0     0.666      0.512      0.544      0.526
   49/99   7328/7328     0.498     0.463     0.478     0.438      5.29     0.735       7.9         0         0       124         0         0         0     0.663      0.512      0.546      0.526
   50/99   7328/7328     0.497     0.462     0.474     0.437      5.26     0.727      7.86         0         0       129         0         0         0     0.624      0.516      0.551      0.529
   51/99   7328/7328     0.496      0.46     0.474     0.434      5.23     0.718      7.81         0         0        99         0         0         0     0.585      0.514      0.545      0.528
   52/99   7328/7328     0.495     0.459     0.473     0.433      5.21     0.712      7.78         0         0       104         0         0         0     0.628      0.516      0.549       0.53
   53/99   7328/7328     0.494     0.458     0.471     0.433      5.18     0.707      7.75         0         0        82         0         0         0     0.699      0.514      0.547      0.528
   54/99   7328/7328     0.491     0.457     0.469      0.43      5.15     0.699       7.7         0         0        91         0         0         0     0.683      0.514      0.548      0.529
   55/99   7328/7328     0.491     0.456      0.47      0.43      5.14     0.695      7.68         0         0       173         0         0         0     0.654      0.516      0.548      0.531
   56/99   7328/7328     0.491     0.455     0.466     0.427      5.13     0.692      7.66         0         0       103         0         0         0     0.655      0.513      0.547      0.527
   57/99   7328/7328     0.489     0.453     0.464     0.426      5.11     0.682      7.63         0         0       117         0         0         0     0.697      0.514      0.544      0.528
   58/99   7328/7328     0.488     0.452     0.464     0.425      5.09     0.678      7.59         0         0       163         0         0         0     0.725      0.515      0.546      0.529
   59/99   7328/7328     0.486     0.451     0.465     0.425      5.07     0.672      7.57         0         0        80         0         0         0     0.665      0.512      0.544      0.527
   60/99   7328/7328     0.487      0.45     0.461     0.423      5.04     0.667      7.53         0         0       100         0         0         0     0.675      0.515      0.547      0.529
   61/99   7328/7328     0.484      0.45      0.46     0.422      5.03     0.662      7.51         0         0        79         0         0         0     0.624      0.513      0.546      0.528
   62/99   7328/7328     0.484     0.448     0.459     0.421      5.01     0.657      7.48         0         0       104         0         0         0     0.627      0.514      0.546      0.529
   63/99   7328/7328     0.483     0.448     0.456     0.419      4.99     0.652      7.45         0         0        59         0         0         0     0.682      0.512      0.544      0.527
   64/99   7328/7328     0.482     0.447     0.456     0.419      4.99      0.65      7.44         0         0       146         0         0         0     0.874      0.513      0.545      0.528
   65/99   7328/7328     0.482     0.445     0.454     0.417      4.96     0.643       7.4         0         0       129         0         0         0     0.712      0.514      0.546      0.529
   66/99   7328/7328     0.482     0.445     0.456     0.417      4.96     0.641       7.4         0         0       155         0         0         0     0.714      0.512      0.546      0.526
    0/19   7328/7328     0.512     0.479     0.571     0.528      5.59     0.874      8.55         0         0        96         0         0         0     0.701      0.493      0.525      0.507
   67/99   7328/7328      0.48     0.444     0.455     0.415      4.93     0.637      7.36         0         0       117         0         0         0      4.88      0.515      0.549      0.529
    1/19   7328/7328     0.519     0.488     0.548      0.51      5.81     0.954      8.83         0         0        67         0         0         0      4.04      0.493      0.524      0.509
   68/99   7328/7328     0.479     0.443     0.452     0.414      4.93     0.634      7.35         0         0        97         0         0         0      3.43      0.511      0.543      0.525
    2/19   7328/7328     0.519     0.487     0.544     0.506       5.8     0.948       8.8         0         0        84         0         0         0      4.71      0.504      0.536      0.519
