    0/19   7328/7328     0.651     0.604     0.858     0.807      6.73      1.87      11.5         0         0       121         0         0         0     0.557      0.485      0.517      0.498
    1/19   7328/7328     0.579     0.544     0.653     0.619      6.21      1.33      9.94         0         0       111         0         0         0     0.529      0.478      0.506      0.492
    2/19   7328/7328     0.568     0.536     0.636     0.599      6.14      1.27      9.75         0         0       122         0         0         0     0.535      0.484      0.514      0.498
    3/19   7328/7328     0.563      0.53      0.62     0.588      6.07      1.22       9.6         0         0        95         0         0         0      0.54      0.489      0.515      0.504
    4/19   7328/7328      0.56     0.526     0.614      0.58      6.05      1.19      9.52         0         0       137         0         0         0     0.548      0.487      0.516      0.503
    5/19   7328/7328     0.553     0.522     0.604     0.571      5.99      1.16      9.41         0         0       120         0         0         0     0.547      0.483      0.516      0.497
    6/19   7328/7328     0.552     0.518     0.598     0.564      5.96      1.14      9.33         0         0       145         0         0         0     0.553      0.487      0.516      0.502
    7/19   7328/7328     0.547     0.516     0.593     0.559      5.92      1.12      9.25         0         0       108         0         0         0     0.559      0.492      0.524      0.507
    8/19   7328/7328     0.546     0.513     0.586     0.554      5.89       1.1      9.19         0         0       133         0         0         0     0.522      0.482       0.51      0.497
    9/19   7328/7328     0.542      0.51     0.583     0.549      5.85      1.08      9.12         0         0        80         0         0         0     0.594       0.49      0.518      0.506
   10/19   7328/7328     0.522     0.487     0.518     0.482      5.43     0.886      8.32         0         0        64         0         0         0     0.555      0.507      0.537      0.521
