    0/19   7328/7328     0.652     0.616     0.866     0.852      6.88      1.79      11.7         0         0       120         0         0         0      0.64      0.482      0.512      0.497
    1/19   7328/7328     0.571     0.542      0.65     0.617      6.21       1.3      9.89         0         0        84         0         0         0     0.667      0.489      0.519      0.503
    2/19   7328/7328     0.564     0.532     0.631     0.594      6.15      1.23       9.7         0         0       121         0         0         0     0.664      0.487      0.513      0.502
    3/19   7328/7328     0.556     0.527     0.619     0.584      6.09      1.19      9.56         0         0       152         0         0         0     0.614      0.489      0.514      0.504
    4/19   7328/7328     0.552     0.522     0.609     0.576      6.03      1.15      9.44         0         0        74         0         0         0     0.674      0.491      0.519      0.506
    5/19   7328/7328     0.549     0.519     0.605     0.566      5.99      1.13      9.35         0         0       166         0         0         0     0.644      0.485      0.513      0.501
    6/19   7328/7328     0.545     0.515     0.594     0.559      5.95      1.11      9.27         0         0       201         0         0         0     0.606      0.489      0.514      0.505
    7/19   7328/7328     0.543     0.512     0.592     0.554       5.9      1.09      9.18         0         0       156         0         0         0     0.648      0.488      0.515      0.503
    8/19   7328/7328      0.54      0.51     0.585     0.551      5.86      1.06       9.1         0         0       138         0         0         0     0.545      0.487       0.52      0.502
    9/19   7328/7328     0.537     0.506      0.58     0.543      5.82      1.05      9.04         0         0       155         0         0         0     0.554      0.492      0.526      0.506
   10/19   7328/7328     0.518     0.483     0.509     0.475      5.39     0.854      8.23         0         0        90         0         0         0     0.566      0.508      0.538      0.523
   11/19   7328/7328      0.51     0.475     0.497     0.463      5.23     0.795      7.97         0         0       123         0         0         0     0.622      0.511      0.541      0.525
   12/19   7328/7328     0.507      0.47     0.492     0.456      5.17      0.77      7.86         0         0       123         0         0         0     0.577      0.512      0.543      0.526
   13/19   7328/7328     0.503     0.467     0.489     0.453      5.12     0.754      7.79         0         0       128         0         0         0     0.583      0.511      0.544      0.525
   14/19   7328/7328     0.501     0.466     0.486     0.451      5.07     0.744      7.72         0         0        96         0         0         0     0.599      0.512      0.543      0.525
   15/19   7328/7328       0.5     0.462     0.482     0.448      5.03      0.73      7.65         0         0        92         0         0         0     0.548      0.512      0.545      0.526
   16/19   7328/7328     0.495     0.461      0.48     0.445         5      0.72       7.6         0         0       126         0         0         0     0.608      0.514      0.545      0.527
   17/19   7328/7328     0.495      0.46     0.477     0.444      4.97     0.713      7.56         0         0       109         0         0         0     0.561      0.514      0.546      0.528
   18/19   7328/7328     0.495     0.459     0.477     0.443      4.95     0.707      7.53         0         0       124         0         0         0     0.579      0.512      0.545      0.526
   19/19   7328/7328     0.492     0.455     0.472     0.437      4.91     0.689      7.45         0         0        86         0         0         0     0.634      0.514      0.546      0.528
