    0/19   7328/7328     0.512      0.48     0.569     0.528       5.6     0.881      8.57         0         0       100         0         0         0     0.567      0.496      0.528      0.512
    1/19   7328/7328     0.518     0.487     0.546     0.508      5.77     0.949      8.78         0         0       119         0         0         0     0.543      0.498       0.53      0.513
    2/19   7328/7328     0.519     0.487     0.543     0.505      5.77     0.938      8.76         0         0       145         0         0         0     0.586      0.497      0.531      0.513
    3/19   7328/7328     0.517     0.486     0.541     0.505      5.76      0.93      8.73         0         0        95         0         0         0     0.572      0.497       0.53      0.512
    4/19   7328/7328     0.517     0.484     0.536     0.499      5.71     0.914      8.66         0         0       114         0         0         0     0.519      0.492      0.519      0.507
    5/19   7328/7328     0.514     0.481     0.533     0.495      5.67     0.894      8.58         0         0       114         0         0         0     0.547      0.497      0.527      0.512
    6/19   7328/7328     0.511      0.48     0.531     0.492      5.64     0.891      8.55         0         0       147         0         0         0     0.603      0.498      0.532      0.512
    7/19   7328/7328     0.512     0.478     0.528     0.492      5.61     0.882       8.5         0         0        81         0         0         0     0.585        0.5      0.531      0.514
    8/19   7328/7328     0.508     0.476     0.525     0.488      5.59     0.864      8.45         0         0        82         0         0         0     0.578      0.501       0.53      0.514
    9/19   7328/7328     0.508     0.475     0.524     0.486      5.55     0.851      8.39         0         0        81         0         0         0     0.588      0.499      0.534      0.513
